-65.00622,525.6713,2006.6259
-63.839336,531.1448,2008.2454
-63.927204,528.42505,2008.4767
-64.47252,527.46545,2007.2288
-64.655914,535.8655,2017.5479
-65.424034,532.873,2013.3801
-65.37755,531.5391,2013.7228
-65.27577,530.77966,2013.7324
-66.34174,534.5565,2019.4664
-67.36578,535.01935,2022.4272
-66.887665,528.7672,2017.9751
-66.97484,531.2891,2019.8031
-67.64745,529.66187,2018.8105
-69.63496,528.9212,2019.9746
-73.123985,532.01,2007.2483
-72.92528,532.8616,2010.9948
-70.78639,537.6035,2011.0825
-70.4921,535.06433,2014.5349
-70.56251,538.6404,2017.1411
-71.39836,539.1776,2014.0957
-70.91583,540.61414,2010.9313
-70.57333,542.8374,2006.7152
-70.49784,540.4585,2008.6403
-71.03898,542.79767,2005.6595
-70.749016,547.18835,2015.7892
-74.55118,538.5948,2019.3877
-77.099655,532.023,2018.2675
-74.334816,537.8351,2011.849
-72.97263,540.7017,2009.9213
-73.29664,540.05273,2012.9166
-71.69037,541.9348,2012.5742
-72.44347,540.7207,2013.4702
-72.817276,540.4166,2015.0781
-73.19683,540.21936,2015.3091
-78.94301,552.2739,2008.002
-76.24496,548.0341,2011.4047
-77.5546,553.25165,2007.7888
-76.69463,550.624,2010.122
-87.16941,546.44165,2012.274
-81.5102,546.07086,2013.3389
-74.3879,564.1406,1999.8551
-75.56327,555.0121,2007.5754
-76.16355,551.8713,2011.1296
-74.58787,555.1816,2017.6802
-76.34678,553.725,2016.3833
-77.94558,553.7488,2016.1405
-78.226265,552.842,2016.8264
-81.03175,554.6994,2015.7062
-80.48438,556.16675,2017.3453
-82.75336,557.3904,2014.585
-80.98826,556.26984,2015.0624
-78.53453,558.6351,2019.4655
-80.62486,559.25604,2018.6014
-82.1899,549.098,2023.0869
-81.44894,551.25665,2019.8693
-79.7146,553.68225,2020.497
-78.24395,555.09094,2022.3245
-77.87556,556.0579,2023.9655
-76.60713,552.2959,2025.0195
-74.23017,552.97406,2024.3485
-72.30084,550.35846,2025.7134
-73.14848,551.72736,2025.4064
-73.01275,551.43555,2025.1367
-68.23575,550.0728,2025.0016
-69.445946,549.7773,2026.2263
-80.59466,556.0445,2018.4193
-83.82823,561.4968,2018.2439
-76.06805,544.58984,2013.8336
-72.33596,555.39526,1998.2382
-72.642235,555.49005,2018.369
-74.13465,556.59247,2025.4695
-71.50694,547.6923,2023.3223
-70.200066,544.81775,2024.3584
-70.59601,546.1768,2022.2063
-69.5536,544.1587,2021.4048
-69.89192,542.7193,2021.4923
-69.88826,544.401,2034.8387
-70.173294,546.0922,2029.9294
-71.056564,548.7433,2028.3297
-75.01641,555.60297,2031.1692
-76.75529,559.50793,2032.263
-76.16683,556.796,2029.4019
-78.49025,559.2079,2025.9948
-51.85323,577.39453,1980.7543
-64.91604,566.805,2004.365
-70.85196,560.69604,2010.702
-73.47152,560.04517,2012.3256
-74.67231,559.1532,2015.4133
-73.72712,555.689,2016.4756
-74.59336,555.88293,2018.6143
-74.935165,554.1159,2015.8088
-74.9671,553.4504,2017.9679
-74.74763,551.2807,2018.4965
-78.46303,552.6393,2021.148
-85.28577,560.2352,2012.7987
-81.46557,556.6564,2016.6864
-77.44894,556.272,2019.0117
-81.81058,548.54315,2004.4056
-79.95279,552.3566,2012.664
-77.449554,555.6882,2017.8204
-77.62274,555.6622,2017.9546
-75.629776,557.0031,2020.9688
-82.34884,565.97534,2019.4287
-78.558136,564.3607,2022.0623
-75.983826,562.89075,2023.3912
-77.72076,561.0044,2017.9144
-76.97398,562.37115,2021.164
-77.073135,561.6997,2021.0746
-80.56296,552.0895,2032.7815
-79.18238,556.5947,2027.9194
-77.70191,556.2114,2026.8044
-67.30717,553.84717,2009.5908
-70.93708,555.4022,2017.6133
-73.048195,556.1163,2020.3405
-73.86251,557.07,2021.9832
-71.67996,557.207,2021.2006
-71.54501,557.21985,2022.7084
-72.135216,556.9894,2023.3323
-80.89743,578.4435,2010.9808
-77.25752,572.02313,2017.2551
-77.748726,569.2604,2022.3527
-75.547905,565.603,2023.2769
-65.73212,564.8513,2031.7177
-70.788246,566.45416,2028.2963
-72.53702,549.0046,2027.0785
-70.273895,552.2048,2026.0836
-70.57272,556.9448,2024.7277
-73.035355,546.4222,2035.971
-70.92136,548.2626,2030.9695
-74.548874,553.5739,2038.5867
53.59244,552.6499,2022.3168
-6.056694,552.0972,2026.1669
-54.6726,553.7063,2032.0826
-57.509373,551.5884,2031.3699
-59.852337,551.55426,2034.0421
-67.5631,564.66833,2028.0126
-70.833176,552.8892,2037.4551
-75.84684,555.8418,2040.4446
-72.27574,554.2592,2037.3768
-72.41464,566.19824,2040.0916
-75.196815,562.6571,2041.0303
-76.98875,560.0951,2041.0183
-77.755424,559.6516,2040.9324
-76.841545,561.6641,2041.7089
-77.37351,562.2828,2044.4357
-75.62294,562.4936,2043.7999
-87.96263,634.02515,1994.1967
-82.72212,597.2098,2019.0205
-94.68179,540.70953,2053.7405
-89.121994,558.7555,2049.13
-80.62392,563.22144,2037.3397
-71.959305,577.72546,2047.9735
-68.95905,587.39154,2037.9297
-69.44588,573.87805,2041.9061
-67.739624,572.5664,2042.4161
-67.6545,571.8203,2040.9662
-65.30916,571.8567,2020.5201
-82.11859,577.9647,2042.3386
-75.51116,577.0668,2035.3966
-74.27073,576.6447,2036.6868
-85.26897,561.86145,2037.1617
-85.64952,567.3068,2038.5271
-86.14964,568.0984,2040.8965
-87.36966,569.27545,2042.5646
-89.935135,567.39923,2040.8368
-88.652145,568.95013,2042.1686
-84.41934,577.113,2030.6409
-85.5892,575.70435,2035.0992
-86.646484,576.38275,2034.0845
-88.5179,577.88934,2031.2465
-88.13926,577.5012,2033.0928
-82.259056,611.6813,1963.0931
-83.732254,596.05975,1992.9769
-84.939804,586.5157,2010.5109
-85.22032,584.81024,2016.5797
-86.25848,582.1045,2019.5948
-88.40546,577.83435,2027.3999
-90.3795,575.34094,2030.2639
-90.24869,575.7304,2029.2748
-89.34656,577.17035,2030.6401
-82.55837,571.2589,2034.0106
-84.833015,575.5884,2030.5048
-85.30896,575.35547,2029.7378
-83.31274,575.0558,2027.1615
-85.11087,574.67224,2028.5186
-84.89559,572.5145,2031.4706
-85.877716,572.2245,2033.324
-81.03856,579.6311,2029.7858
-78.35186,582.5158,2023.643
-83.07969,578.4973,2027.244
-85.26775,578.6382,2032.462
-88.51696,580.6013,2051.7944
-88.50864,577.3765,2042.3704
-75.246025,579.1441,2032.1223
-107.397896,605.61926,1998.8246
-98.22508,592.88525,2017.3007
-85.76147,569.79755,2060.0737
-91.275826,565.56793,2038.804
-85.378044,614.699,1995.5762
-88.109055,595.8699,2011.9844
-90.96802,587.575,2021.2844
