-86.5305,548.68823,2039.6475
-84.929886,546.89716,2045.9734
-80.082436,548.0447,2046.6849
-74.33759,542.0811,2042.8251
-74.57565,543.777,2043.8416
-75.77347,543.3162,2045.1305
-76.12435,542.9956,2043.8586
-73.40129,540.83984,2041.6108
-73.395615,541.20123,2041.6282
-71.313095,540.9318,2042.1002
-69.76706,539.0006,2042.091
-69.22271,537.5886,2042.4785
-69.14608,537.3097,2042.9991
-70.176056,538.1555,2044.3926
-69.82805,538.2423,2044.9172
-68.904366,537.83844,2045.8031
-69.33074,521.9249,2028.9634
-69.133064,529.36487,2035.8868
-69.63907,528.586,2035.5219
-70.063354,529.1768,2034.4265
-70.69695,530.7517,2033.1251
-71.69571,531.4895,2027.0669
-70.6064,533.1815,2030.2477
-70.43365,533.117,2029.613
-69.38207,531.8535,2029.092
-69.1673,531.66455,2028.3785
-68.89973,532.172,2025.927
-68.89667,532.5868,2027.0226
-68.79228,534.67773,2028.0432
-69.75155,534.6197,2027.8871
-70.302956,539.12805,2032.6555
-70.18213,538.1958,2030.6697
-70.44472,537.6438,2030.1658
-71.09854,537.52637,2029.137
-71.79496,537.9669,2028.7864
-72.058716,539.34924,2029.3838
-71.78622,539.5973,2029.312
-71.69178,539.81165,2029.2212
-71.06607,540.02405,2028.5778
-70.42018,539.5933,2027.9645
-70.33615,540.1236,2028.6406
-70.146416,544.18744,2033.3186
-70.05198,543.6886,2031.4628
-70.91478,546.13586,2034.3557
-71.48904,546.31995,2032.1692
-74.55474,550.4184,2029.9587
-74.41078,549.9129,2030.1849
-74.3904,550.45685,2031.0826
-74.04329,549.59247,2030.1765
-74.02999,549.46466,2030.5552
-74.726746,548.5341,2032.1165
-74.74273,548.22266,2030.87
-75.55031,548.7331,2030.0045
-76.16208,550.1712,2021.4884
-75.58046,550.50793,2024.4545
-75.74734,551.62354,2026.2104
-76.13888,551.82764,2026.3914
-76.01497,553.12805,2026.6622
-76.55953,554.0818,2026.6512
-77.828156,555.504,2021.7736
-77.19661,554.6874,2023.1393
-76.50591,553.94763,2022.8002
-75.61406,554.1592,2024.0085
-73.76929,551.37146,2021.24
-74.89419,553.61237,2019.585
-75.056496,564.49097,2022.6874
-75.02936,560.9874,2022.546
-74.81238,560.96716,2020.6986
-75.17367,560.8951,2022.3033
-75.71185,560.787,2028.3145
-73.35481,552.95526,2030.6625
-74.02834,555.5997,2029.1248
-73.68323,555.0738,2031.5988
-74.15476,554.17236,2033.7281
-74.99799,553.73914,2037.5305
-73.4754,554.9852,2037.8837
-74.139404,557.2872,2042.8685
-73.94624,558.4778,2040.8464
-74.71063,557.2128,2041.8959
-75.11943,556.325,2041.9575
-73.72467,557.9312,2040.6782
-72.69375,558.1157,2039.9318
-75.45221,559.7627,2049.0627
-74.03217,559.8829,2044.9866
-73.80828,559.2082,2044.0233
-73.65931,558.8106,2044.3073
-73.632225,558.8834,2043.8491
-74.871735,558.6139,2044.0038
-74.15282,557.1224,2044.3738
-76.89229,553.34686,2041.6167
-77.42679,553.6667,2043.3105
-77.115036,554.5926,2043.9788
-76.695465,555.76465,2044.2968
-78.2531,552.6654,2043.8052
-80.18055,551.0414,2042.0182
-79.98636,552.1376,2038.4557
-79.19674,553.3526,2041.3079
-78.19539,555.63525,2043.737
-77.4722,558.2153,2049.0327
-77.97571,556.8166,2048.1235
-78.01054,568.3843,2031.5316
-79.048515,565.0523,2040.4152
-78.684906,564.1537,2042.4398
-78.86687,563.63916,2045.7576
-79.65921,563.33636,2047.6073
-78.61691,565.25916,2049.9314
-79.279175,565.3679,2049.3784
-79.98205,566.6181,2053.2065
-78.70143,566.0211,2050.8425
-77.661,565.6114,2049.972
-77.724525,564.2398,2050.0464
-77.657196,564.79517,2049.2844
-77.663925,565.9217,2050.2043
-79.94191,568.3446,2049.8503
-79.7677,566.593,2049.3918
-82.22369,568.2705,2051.578
-85.85802,570.78516,2051.6375
-84.90651,570.0304,2051.599
-84.95096,567.91626,2044.6492
-85.56185,568.80707,2048.1362
-85.646675,572.0549,2059.5837
-84.71164,571.15125,2056.7673
-84.41208,558.28,2042.5078
-82.75839,565.75507,2051.937
-83.009605,567.738,2053.5034
-82.674446,568.0912,2053.6436
-83.11679,568.6031,2054.9717
