81.16088,529.15234,1985.9359
81.9135,533.8796,1990.0063
81.82209,531.2036,1989.1948
81.060196,530.3303,1987.4935
81.1319,539.8217,1992.4023
79.48083,536.7922,1989.946
79.83259,535.37787,1991.9033
80.02991,534.72424,1992.5996
79.642006,539.15717,1996.389
79.91231,540.3924,1998.2793
80.029205,533.41345,1996.1702
79.21304,535.1385,2001.324
78.6901,533.9366,1998.8243
78.449684,534.20874,1998.9441
75.0653,538.8285,1975.9844
74.11488,539.1052,1983.3292
75.04967,542.295,1986.1462
76.830956,539.6401,1990.8093
77.14091,543.1242,1994.2211
76.20514,543.579,1990.0151
76.26384,544.29205,1989.1152
75.94743,546.0548,1985.1202
76.57874,543.9323,1986.584
76.0243,546.3511,1984.53
77.53582,552.27606,1988.0824
77.26425,545.7609,1990.1013
76.77791,540.05133,1988.4863
76.33973,543.57214,1985.6953
76.39129,545.8442,1983.5305
76.45655,545.36597,1985.8464
76.38377,546.37866,1986.8539
76.43422,545.66846,1987.9429
76.427734,545.54895,1990.2944
76.07888,545.3304,1990.6886
73.67511,557.45734,1990.6282
74.20504,552.7637,1990.7354
73.5259,557.8613,1989.5593
72.87472,555.15625,1990.3864
71.42945,555.03357,1993.7887
71.94239,552.6317,1994.2375
72.20167,566.48663,1991.2168
72.45435,558.6164,1994.0615
70.07021,555.3705,1993.9915
68.68319,558.6277,1997.06
69.34075,556.7525,2002.5953
67.184044,557.82513,1999.3457
67.299995,557.08734,1997.8018
62.38356,560.11163,1993.6708
63.798637,561.5044,1994.9312
60.735294,563.4417,1993.2714
62.76937,561.99695,1994.0587
65.3253,563.6647,2000.6422
62.97064,565.0893,1997.5238
64.61672,556.0934,1998.4248
63.95376,558.0998,1994.9872
65.9969,559.7761,1997.8695
67.72694,560.62756,2000.04
67.74821,561.24274,2001.7139
69.86275,557.23834,2003.1418
70.61161,556.9376,2003.7046
74.90387,553.6725,2010.3914
74.159485,555.6565,2009.329
73.453606,555.9881,2007.8156
77.03964,552.92285,2007.4149
75.94288,553.41046,2007.373
58.245293,562.76135,1993.6119
53.762165,569.5764,1992.3882
68.6923,550.8188,1986.3488
68.789085,558.45355,1989.1382
70.86344,558.9694,2007.4061
69.51212,560.7166,2013.9525
75.19545,551.12646,2010.2378
78.127815,552.5686,2006.0625
79.88518,552.3391,2000.0902
80.62007,553.37897,2004.0133
80.63509,553.3975,2004.5718
79.74501,551.48694,2024.567
78.95827,553.067,2014.998
77.572556,555.545,2010.5746
70.63276,563.256,2013.2738
66.842094,567.2329,2014.9121
68.23171,563.9626,2011.436
62.79001,567.00525,2007.6681
62.570683,575.1538,1987.9619
63.73327,568.6709,1998.9067
63.20494,565.1872,1996.4777
62.84115,565.5239,1993.1643
63.810966,565.306,1994.3035
66.71798,561.38257,1994.543
66.55242,561.30145,1996.7803
67.29529,559.6041,1994.5952
68.57974,558.9275,1996.6266
70.50712,556.89136,1997.7981
69.61534,559.599,1999.3325
68.39232,568.49817,1996.5571
69.56623,564.6072,1998.1605
72.372765,563.50977,1998.7062
64.621,557.8099,1973.0302
68.01532,560.85266,1983.8224
68.800125,563.01337,1990.2119
68.91368,561.6629,1991.7227
68.9594,563.3244,1993.2532
69.112785,574.3667,1993.3356
68.047745,571.1818,1989.0524
68.84364,569.395,1990.438
68.071205,567.57306,1989.4375
67.87979,569.12476,1990.819
67.8555,568.6165,1990.6532
69.69322,562.5915,1997.3434
69.24023,565.5045,1998.8573
68.93307,564.1549,1996.5404
68.9831,555.9068,1990.9087
68.217964,559.4587,1994.0157
68.25515,561.061,1994.8773
69.360374,562.6322,1997.0223
70.713425,562.2155,1995.8413
71.99391,562.14215,1996.9048
71.78715,562.3524,1997.2332
70.980835,585.30414,1994.2372
71.592575,578.68335,2004.078
65.37745,575.9697,2004.0077
67.8355,572.1725,2002.2104
83.70755,568.5378,2013.7369
73.49035,572.07947,2008.694
72.27742,554.33154,2000.2615
71.75021,558.02026,2000.89
71.66667,562.73535,2001.187
74.174194,555.5473,2005.0293
74.279236,555.5318,2002.37
73.19185,563.35486,2006.7795
89.63832,545.264,2002.4598
62.02186,545.8862,2007.29
64.99775,555.80646,2006.0609
66.69839,556.70514,2001.7655
68.19749,555.9798,2009.6653
62.574844,569.048,2017.3138
63.066685,559.2805,2020.1328
61.797947,564.12445,2020.9772
62.959167,561.4508,2016.7467
61.73767,572.99316,2021.7081
61.32206,570.2027,2023.3628
62.542767,567.1067,2023.4865
61.979927,566.9929,2023.9087
63.129086,568.83307,2027.2102
63.182198,570.2094,2027.3871
62.794033,569.8899,2025.127
66.02588,641.55347,2008.8257
56.922134,603.91315,2016.9784
63.9729,559.51917,2024.4973
58.687454,573.6074,2023.8542
55.87965,572.6644,2019.7423
73.11705,584.00836,2035.5398
64.23905,591.0755,2031.0023
70.701645,577.8219,2027.3528
71.17232,576.48126,2030.4854
71.372826,576.1184,2028.456
80.19794,576.3169,1995.2924
60.066326,589.53613,2011.3885
67.690315,585.34814,2008.0297
68.54395,583.4636,2015.0145
62.81874,571.69006,2022.8312
56.43387,578.8673,2014.7072
58.613598,580.22534,2014.1163
58.241653,584.2759,2016.8531
57.268818,582.31934,2013.4412
57.367416,582.77637,2011.966
51.86873,586.6313,2010.9423
54.04001,586.30084,2012.0593
51.701534,587.53613,2008.7026
51.14572,589.37024,2007.6733
52.40748,589.4479,2005.978
49.71487,617.74133,1973.0957
48.158543,603.49927,1986.206
49.764294,595.3943,1992.2052
51.086273,593.9427,1995.7733
50.822,591.63635,1994.8094
50.82721,588.05457,1999.2247
51.247696,586.9625,2001.3771
51.003567,587.8936,2000.5925
51.987366,589.1257,2001.1796
54.68978,581.73315,2001.5919
53.604774,587.0305,1999.4949
54.066574,586.8955,1999.324
57.51955,586.1364,1993.6748
55.294174,586.4322,1994.0632
55.805794,584.19543,1995.1862
55.100677,583.66907,1998.6503
53.600636,588.5517,1999.4545
53.408436,589.9065,1995.0651
50.968468,587.64746,1994.9988
51.27024,589.1925,1999.4005
52.25318,595.778,2005.3304
51.2847,590.75,2002.4487
51.631866,586.5091,2000.0331
46.79914,620.7538,1989.6487
47.729034,606.0121,1996.9557
57.10888,586.5318,2009.8596
52.26501,580.4249,2002.9319
45.321846,621.3352,1991.1564
46.267395,604.6477,1997.0282
44.407192,598.315,2003.8214
