54.843872,555.171,1995.2034
60.82373,554.40356,2006.5388
67.67564,556.4528,2007.4822
71.02145,549.3443,2002.1561
69.65329,549.8506,2003.5836
69.81047,549.0256,2007.5186
69.39579,548.7686,2006.515
72.21251,545.5917,2004.0139
70.72156,545.9494,2004.1093
73.26828,545.3013,2005.2179
75.78235,543.1515,2011.141
75.87647,541.5128,2010.0859
76.955055,541.00415,2012.1124
76.68767,541.79846,2013.9805
75.75905,541.3846,2013.9608
76.95284,540.80414,2015.9061
77.50771,525.45715,1984.6901
76.62882,532.82556,1998.4606
75.58981,532.3009,1999.2391
75.16115,533.059,1997.5463
74.60534,534.5713,1995.5547
73.86511,535.13806,1987.9758
75.284744,536.5038,1992.5206
75.65957,536.5548,1991.4001
76.13528,534.7914,1994.4727
76.56868,534.7202,1993.1681
77.04162,535.1185,1989.6681
76.80974,535.67053,1991.4868
77.17653,538.06744,1993.5319
76.11591,538.4895,1992.8982
76.495674,544.8808,1994.909
76.05896,543.55725,1994.9519
75.97475,542.9994,1996.1699
75.08574,543.14905,1995.7701
74.17832,543.96265,1996.0128
74.11772,545.70825,1997.7977
74.24268,545.69,1998.118
74.02946,545.8131,1998.5645
74.36771,546.099,1998.6014
75.54974,545.635,1999.172
75.9274,546.11444,2000.6298
76.56658,550.6857,2003.3319
76.265724,550.0963,2002.4362
75.69017,553.3231,2003.2977
74.53831,553.14954,2002.2749
69.63686,558.07043,1999.4916
70.24957,557.4711,2000.4039
70.57908,557.9934,2001.2911
70.96921,556.9707,2001.0253
71.19158,556.8125,2002.2491
71.24448,556.4639,2002.4595
70.968636,556.2134,2000.7202
70.587296,556.916,1999.2493
70.096634,557.2006,1996.9404
70.09279,557.2401,1999.1196
69.97326,558.24713,2000.4993
69.43328,558.5631,1999.6924
68.851074,559.86206,1999.4065
68.212715,560.94653,1999.2422
66.06171,562.7285,1991.2671
66.80647,561.8796,1993.7001
67.70641,560.97046,1993.4099
68.77385,561.1383,1994.1357
71.525345,558.0326,1988.346
70.885,560.1824,1988.4916
69.88142,571.2511,1990.315
69.905594,567.84985,1990.725
69.37201,567.4522,1990.8486
68.69285,567.791,1991.4141
67.89436,567.6532,2002.0886
70.89012,559.381,2003.8306
70.73786,562.1703,2003.0886
71.93567,562.018,2003.4465
71.48539,561.7711,2002.8903
72.382225,561.9349,2006.0625
73.19734,562.6399,2007.4706
73.44446,566.13983,2010.3848
73.12541,566.7042,2011.4626
73.134445,565.7624,2013.705
73.15485,564.3659,2015.3539
73.41052,565.1432,2014.9957
73.22733,565.0106,2008.4255
75.17778,569.1263,2014.1265
75.05743,567.9951,2015.2562
74.01478,566.96954,2014.5833
72.74911,566.13464,2015.75
71.87913,566.16144,2014.887
70.25458,566.1326,2015.179
70.28357,564.32965,2012.9111
71.15683,559.447,2016.8513
70.72272,560.50165,2019.1481
70.93152,560.6582,2025.3917
70.17999,562.57623,2021.0055
69.75745,560.2697,2020.9348
69.15833,559.3136,2017.8348
68.1443,560.07935,2014.6013
67.613625,561.5045,2015.6304
68.81287,563.05145,2017.3695
66.250015,564.8114,2011.0779
67.1384,563.95135,2015.988
64.06434,576.1666,2004.9973
64.40722,573.1793,2010.1466
64.67473,571.9032,2012.9222
65.00218,571.83954,2014.9161
65.62668,572.0075,2016.4104
66.10722,573.8153,2018.8572
65.673706,574.26544,2017.7052
66.03454,575.7836,2018.7812
67.797134,574.69476,2016.103
68.75852,573.53955,2016.1305
69.16566,571.95435,2018.0325
68.819244,572.25146,2017.7274
67.91896,572.86005,2018.621
61.027924,578.8742,2014.418
63.00891,575.8345,2015.6189
63.40925,578.18365,2016.0546
57.960835,581.494,2015.3395
59.825607,581.0526,2015.2605
59.566574,578.5111,2012.3384
59.4914,580.12103,2013.1704
58.304268,584.73987,2019.4304
59.77713,583.0846,2018.2125
60.11475,570.2041,1996.7635
60.46258,577.4218,2007.3302
60.052116,579.36304,2010.7611
60.013527,579.4478,2011.7263
59.921112,580.2524,2013.2979
