141.04309,21.293823,1948.5262
137.21867,21.040375,1942.4464
143.4085,31.289124,1951.6145
143.60115,24.935913,1949.9567
145.36372,34.69284,1953.7174
146.39087,30.867981,1954.9141
146.9385,28.158386,1948.7091
146.37811,33.186676,1955.2079
145.89984,30.44577,1947.4065
142.12173,28.067719,1947.6855
146.99261,27.041992,1954.484
146.94275,21.177368,1953.2048
153.82332,27.769318,1952.3204
162.13382,20.622925,1952.5382
172.36073,24.614716,1950.173
164.99564,31.54599,1943.708
187.69968,35.183685,1943.4744
193.26971,38.25238,1942.4913
197.2331,37.031616,1940.7761
203.8269,39.484528,1949.6074
210.3985,46.343567,1948.9178
218.88696,43.723328,1949.4763
224.63971,43.14615,1950.8514
233.76492,41.121857,1951.3212
233.05399,57.45874,1960.2977
238.8847,50.175873,1961.7201
243.91422,46.913635,1962.7931
244.96884,50.584076,1957.6228
245.24414,47.040833,1954.3778
250.03192,46.359528,1963.946
260.2523,49.35855,1954.6931
265.21436,59.295105,1963.7073
271.29785,62.3743,1965.0117
274.41626,59.26187,1963.8583
278.47894,67.27719,1967.2942
282.28864,62.904297,1970.9193
290.78394,68.80667,1964.3127
293.33676,71.1189,1970.6598
299.15253,73.57736,1972.006
301.761,78.37726,1977.8818
307.54388,85.6445,1963.5895
306.35535,81.562164,1965.9248
312.19366,85.903595,1962.9429
317.2962,91.18944,1967.0093
322.61533,92.42313,1975.1188
326.09244,95.16264,1977.431
330.93488,93.442856,1968.7976
337.2542,97.13658,1975.9565
339.14307,98.7449,1960.8474
350.9718,90.31471,1960.4012
355.74548,98.431,1957.0444
360.19995,100.11783,1951.591
360.38263,106.4451,1947.7496
363.76288,97.91147,1940.1953
364.14148,106.36644,1943.8196
365.48535,107.96393,1947.9832
370.46295,110.768295,1948.1365
375.10016,113.21402,1947.6748
379.27148,118.12018,1945.3638
376.02246,140.13936,1954.1316
377.33893,142.63823,1956.2303
380.78195,140.55223,1950.2969
383.0923,137.28893,1947.7084
383.17383,149.75551,1946.4928
387.6288,154.5433,1951.0608
400.25208,142.15489,1943.4746
401.5188,147.57564,1943.6892
408.25552,169.72502,1955.6796
404.73636,172.996,1943.9116
405.38495,163.92755,1941.8842
407.68903,161.78308,1938.3696
407.93182,168.65659,1942.4912
407.46698,181.09277,1940.7834
415.08624,178.4922,1938.7587
420.6961,178.89964,1933.9243
421.4247,186.14188,1937.0029
418.2535,186.74614,1933.0488
418.37668,188.43224,1933.705
421.9507,183.81694,1932.9711
433.40308,176.3512,1914.6216
433.12054,173.15797,1925.1646
429.95325,186.73143,1927.7738
442.0208,184.76665,1924.4722
442.01477,193.6216,1904.8555
443.26825,197.17851,1917.4814
443.44354,197.80952,1922.9298
448.35675,200.41652,1926.2196
450.0723,202.76782,1925.0863
458.39856,201.67744,1922.0707
460.75763,208.24889,1920.9691
463.18304,208.93236,1915.5461
469.2146,212.58461,1912.2268
464.44193,222.89716,1916.713
469.28772,225.9786,1916.3849
472.04962,232.07416,1913.9796
479.9258,237.35468,1910.9731
480.501,242.58817,1910.8575
483.94516,253.38634,1924.6481
491.94232,246.70236,1913.1774
492.8012,251.7472,1910.4022
493.31732,253.09738,1910.4552
490.1892,260.6956,1910.9314
496.5436,274.94754,1908.9614
500.42996,267.58182,1901.9379
497.4198,272.37274,1904.9785
498.19556,264.5453,1898.1066
512.13403,260.997,1896.4642
510.66907,265.9713,1901.178
512.4022,270.3057,1907.1737
514.3266,274.11816,1908.1841
513.3927,278.64163,1907.7325
515.8518,277.42242,1896.6256
524.24634,292.18536,1891.2335
522.62756,299.18665,1891.1222
527.9399,314.87692,1889.4639
526.2874,317.25098,1886.3953
528.03174,318.29504,1892.3418
527.69403,317.9283,1890.9012
526.48596,343.04092,1888.0382
529.3609,339.8033,1900.7155
528.647,340.43954,1899.0404
533.0432,341.27164,1895.8811
530.1633,346.74283,1889.945
534.80725,351.7568,1896.0575
540.96906,338.9082,1886.2589
540.53503,346.01764,1887.0891
542.6658,354.47095,1882.6741
543.78906,352.27905,1886.5532
542.22076,356.45554,1885.8704
560.3274,366.73373,1886.572
605.1041,338.3069,1871.6498
570.1937,357.31146,1890.5596
562.03613,372.83594,1894.0804
563.8129,380.32196,1889.589
568.8784,387.90146,1897.6458
566.4248,394.11374,1886.1722
569.1575,380.11444,1887.5046
565.6644,384.01895,1886.9858
566.37024,391.1867,1889.7836
564.3627,406.25436,1889.5497
569.78265,408.4209,1884.3898
569.9835,412.2936,1886.029
571.1143,411.82446,1883.9235
572.9481,409.8419,1890.071
578.8905,413.35742,1889.8925
575.33777,418.6095,1887.3643
578.9013,495.67337,1875.1437
567.02167,464.22702,1891.1655
583.3042,422.8149,1897.6371
580.6085,439.5006,1899.4552
571.8684,446.7552,1894.4517
575.59204,443.8605,1896.1449
575.0797,464.6726,1887.0593
583.3972,468.5256,1882.2162
580.47266,475.07034,1881.3223
589.382,489.02164,1871.5356
580.52936,490.3612,1887.8105
571.622,490.19067,1897.1163
589.07294,494.0395,1890.0918
589.4938,496.66016,1890.933
592.8596,489.42883,1878.9492
592.99054,496.44464,1871.0844
591.388,505.75226,1876.3534
585.6111,514.38306,1879.8478
589.03674,519.9597,1882.0392
590.39557,525.8092,1876.7515
586.0853,537.3973,1876.9598
588.1742,542.4884,1877.406
585.4103,549.7399,1873.8445
581.34705,552.4201,1873.4484
581.49316,554.56006,1873.3575
573.2499,590.51514,1851.5513
572.2807,581.72266,1860.9608
573.6323,576.48065,1862.2283
574.5217,579.3514,1867.6532
578.6765,583.56305,1869.1166
578.4722,582.7036,1874.3478
580.5915,582.4313,1871.3696
580.86456,588.72577,1874.4254
581.72156,596.5693,1877.3975
584.4719,594.5182,1885.0715
585.2831,600.2133,1879.6306
584.0558,601.0213,1887.4882
586.13586,603.2834,1885.7596
591.0981,607.2258,1879.9281
587.9362,607.7478,1879.2391
588.4788,613.20013,1886.8204
588.31055,619.0017,1888.4648
592.0632,619.4328,1888.3756
592.03577,616.6574,1885.2983
591.40045,620.3089,1884.9712
590.8861,632.2073,1894.7517
591.06396,634.11884,1895.816
586.2523,633.2409,1900.5259
577.08136,670.25903,1884.8472
581.1283,658.95245,1891.204
592.3176,646.99713,1902.9034
587.7114,644.2995,1897.0719
579.36145,688.307,1887.3751
581.89545,673.69977,1890.2017
582.8574,670.4207,1884.0066
