131.672,31.41397,1920.5752
134.4887,35.580383,1916.2639
135.9654,29.404633,1924.44
134.76764,23.760498,1932.4534
133.82333,17.068207,1925.8909
131.23462,20.536133,1933.8939
127.256454,17.378418,1927.5616
125.21665,24.612427,1936.1053
123.57648,32.10675,1939.4532
126.12445,31.05426,1937.1975
120.73579,23.038239,1944.2659
123.85925,23.336182,1943.9916
126.36839,21.16806,1946.7697
128.14442,21.00586,1938.7661
129.95435,16.103577,1940.259
134.3771,13.1883545,1930.362
140.64297,20.67926,1927.0227
141.01459,17.875977,1923.112
149.00494,27.040863,1920.7323
145.48972,32.472412,1900.2369
146.91339,33.77896,1902.5032
174.23466,30.829315,1906.0352
178.0184,37.893158,1909.0223
185.28201,33.30313,1907.2384
189.33264,35.974503,1909.0726
196.10077,40.977203,1910.3214
206.15869,41.71393,1910.5441
213.69461,46.397827,1917.699
226.18552,50.245087,1918.6547
233.35669,53.813232,1916.9877
242.17642,60.453125,1927.0739
251.048,66.55963,1929.6205
259.59558,72.53247,1935.3632
270.34076,76.00249,1929.2322
275.80267,84.15437,1931.9319
286.75476,87.028,1939.7817
295.11316,92.19083,1934.3864
271.28082,113.92888,1947.0925
308.69452,102.82367,1936.8573
314.31873,106.44931,1944.1025
322.72675,108.974304,1943.329
330.81433,116.45273,1945.382
334.97467,111.25157,1947.1151
338.54816,115.786545,1949.7789
339.45908,123.08954,1953.9623
350.64737,123.87465,1953.2094
358.29636,123.09314,1950.6293
363.5711,132.77133,1957.5787
371.44754,138.83734,1963.9738
379.0916,145.75757,1961.6453
383.44046,153.53831,1954.9402
389.6657,151.98524,1946.0305
393.68903,156.7328,1951.7958
400.50226,159.00475,1948.0696
412.03845,167.83478,1949.1653
417.96033,169.48532,1951.4236
439.97025,168.8705,1942.1222
438.70612,181.00763,1945.086
436.8546,201.03972,1947.2078
448.45947,198.09473,1944.8801
454.36273,211.85066,1936.5175
464.2071,215.47041,1937.0775
469.23987,220.03398,1931.9728
469.2425,233.37357,1936.3289
479.19388,243.57086,1939.4744
491.6727,257.43616,1928.0022
491.25674,261.79712,1925.5128
495.2475,264.09973,1926.9873
493.96527,270.13028,1930.6782
500.73932,271.2631,1929.9136
505.37958,272.20294,1933.9225
509.2426,281.46912,1936.2778
509.7193,285.9563,1930.5809
507.2517,294.07312,1924.6859
511.63223,292.349,1922.9065
514.7848,302.05566,1915.3073
515.18,304.355,1920.2968
518.5211,309.64862,1910.3492
519.6489,320.07443,1907.2653
524.9472,323.19583,1909.4651
525.1721,327.3709,1906.3457
525.891,329.7677,1899.022
529.36743,334.3245,1899.6661
527.90924,341.4846,1900.5707
537.1151,345.53485,1894.5404
533.1439,351.9033,1891.0417
529.3115,362.35037,1888.3126
530.80524,369.04416,1883.9423
536.07227,365.88525,1882.3809
537.74054,365.72775,1879.9004
539.0027,373.69455,1885.695
544.1842,372.66797,1886.7483
546.05383,380.5809,1887.6757
546.0669,380.86465,1883.6908
545.3797,385.1852,1883.8907
546.3817,391.5931,1878.2548
549.936,398.33817,1877.8983
552.55896,396.78357,1877.123
555.26196,408.03342,1858.6156
550.2391,412.62158,1867.4595
555.1504,431.87167,1869.3076
549.3137,436.7858,1866.9962
557.9187,444.4837,1863.4817
559.24194,456.07376,1867.051
559.52655,465.82257,1859.6865
558.66864,475.0662,1861.3405
564.70526,482.1176,1855.6897
569.4906,487.7202,1859.0759
565.00305,493.03244,1857.5128
568.3599,502.4505,1857.6099
565.3572,509.39282,1859.6611
565.244,516.46497,1857.7407
563.5829,519.91693,1861.3429
566.1161,520.472,1858.1555
568.0094,522.29376,1858.4556
567.1411,529.1338,1865.2509
562.5669,528.33545,1862.3679
562.62134,540.23206,1864.4708
566.92084,543.1635,1855.1101
565.63495,551.07513,1850.8239
559.0499,561.66986,1858.6086
558.2853,566.53406,1855.7388
561.4355,581.64526,1862.8575
558.1191,576.1646,1863.1328
560.94617,574.3079,1865.2759
561.10657,574.48334,1863.4119
563.6534,576.1407,1867.9237
