-74.27942,329.309,2023.649
-73.84009,328.64914,2022.4517
-74.65064,311.2728,2016.3752
-70.860435,305.5009,2013.0013
-72.54258,309.60736,2015.7965
-73.16072,310.4752,2019.8995
-73.3763,310.5122,2018.6271
-71.863464,308.22092,2018.1665
-71.9409,303.23984,2017.1011
-70.85931,304.4785,2015.8665
-69.777306,303.59067,2010.4703
-69.66585,303.43106,2012.1271
-69.906685,303.74997,2011.4641
-71.18059,304.42368,2011.5441
-71.646576,304.25616,2012.6133
-70.618576,304.31332,2014.2753
-71.82362,291.97955,2002.3499
-70.68866,297.46744,2008.3856
-70.52108,297.4741,2008.3284
-70.42034,298.40997,2008.7291
-70.97435,300.04294,2008.5974
-71.69456,301.29623,2005.5862
-70.89473,303.4594,2008.9033
-70.58646,304.29858,2008.4434
-69.812386,303.993,2007.947
-69.50015,304.53244,2007.2897
-69.34207,305.4497,2005.7227
-69.24449,305.5974,2005.8988
-68.77349,309.5009,2006.0059
-69.105804,309.1168,2005.6382
-68.38257,314.04013,2005.8196
-68.231834,312.94965,2004.8436
-68.19139,313.58813,2004.574
-68.193016,313.50885,2004.1174
-68.26388,313.90582,2003.5228
-67.8971,314.94363,2003.4647
-67.84168,315.20135,2003.949
-67.69471,315.24222,2004.258
-66.8435,315.541,2003.5703
-66.16024,315.3555,2002.5079
-66.02644,315.19095,2003.0369
-65.748276,316.90527,2005.5831
-65.27237,316.96124,2005.5056
-65.399864,318.81064,2007.7815
-66.02464,319.09204,2006.9493
-67.48226,321.10324,2005.8365
-67.476295,321.28098,2005.8435
-67.5603,321.65762,2006.4376
-67.21265,321.29404,2006.3726
-67.04138,320.98532,2007.0992
-67.18248,319.9604,2008.1322
-66.82337,319.26056,2008.4604
-66.92294,319.07993,2009.8955
-67.81297,320.0973,2005.3503
-67.95227,319.87784,2007.0314
-68.51842,319.7506,2007.4469
-68.92353,319.7723,2007.1907
-68.89083,320.44177,2007.0383
-69.23102,320.15118,2006.7709
-69.79587,321.03937,2004.1342
-69.327675,320.81647,2004.4941
-68.92521,320.3665,2004.1825
-68.28949,320.07812,2004.7233
-67.2822,317.6244,2002.5593
-68.84272,323.76614,1999.3904
-68.64641,328.2852,2002.0615
-68.53847,325.3625,2001.296
-68.45327,324.5952,2000.062
-68.48923,324.16153,2000.5863
-69.10539,322.4449,2002.0891
-68.03268,317.63504,2002.9188
-68.10082,317.50937,2001.9968
-67.65905,318.5829,2004.4246
-67.45311,316.52203,2006.819
-68.00898,317.09344,2008.6299
-67.11414,317.9925,2008.9135
-66.68936,319.93622,2012.0321
-66.687,320.14545,2010.4559
-66.95127,319.0996,2010.3761
-67.74087,320.49246,2011.8018
-67.30034,321.03497,2010.9601
-66.722885,322.28442,2015.976
-67.843376,323.1948,2018.4639
-67.17038,323.0281,2014.7684
-67.27369,324.9775,2015.0836
-67.56743,324.3455,2015.4064
-67.6074,323.87097,2015.0614
-68.37988,323.80542,2015.4407
-68.50904,323.97983,2016.8759
-72.39224,319.00433,2010.7954
-72.03983,317.07327,2009.4141
-72.407234,321.9512,2005.5577
-71.323814,322.61478,2009.9854
-71.70783,319.38916,2008.6003
-72.591545,319.0608,2009.5303
-72.138306,318.91595,2009.5443
-71.22804,319.096,2012.4982
-71.39963,320.82352,2015.5819
-72.784424,325.7392,2026.3822
-72.28799,323.10574,2021.9188
-69.519165,335.85614,2008.799
-70.99737,331.3408,2015.8224
-71.19736,328.7631,2017.0052
-71.20525,327.59354,2018.7352
-71.5585,326.30695,2019.4507
-71.171974,327.8133,2019.2257
-71.35811,327.34732,2018.7653
-72.63728,327.72937,2020.757
-72.16611,327.1351,2018.758
-71.95619,326.49075,2018.6349
-72.06617,324.4713,2018.2301
-72.12484,325.0875,2018.3254
-73.12477,326.14194,2018.4519
-68.9492,325.8033,2021.5083
-71.22895,325.50412,2019.5195
-73.512726,327.1657,2020.0067
-75.72957,329.14398,2020.4775
-74.53879,329.0847,2019.8081
-74.00249,328.5695,2015.1359
-74.10019,328.3038,2017.8638
-74.27942,329.309,2023.649
-73.84009,328.64914,2022.4517
-73.12869,321.145,2016.3435
-72.53822,324.6528,2021.6915
-72.604614,325.56873,2022.4645
-72.46508,327.37708,2023.1802
-72.70669,327.18927,2023.2188
