-62.93026,310.44806,1985.0813
-62.515255,313.07983,1986.1294
-62.747253,311.867,1986.1896
-63.185287,311.10114,1985.314
-63.36321,315.29758,1990.3401
-63.64899,314.54153,1987.8424
-63.455555,313.9302,1988.23
-63.10569,313.55756,1988.1079
-64.06258,316.52057,1990.4174
-64.505325,317.10388,1991.3864
-64.258606,314.0912,1989.9462
-65.07026,315.8385,1989.9912
-65.30872,314.6937,1989.9572
-66.30001,314.48294,1989.5438
-68.21932,315.6203,1983.3032
-68.53533,316.03284,1985.3927
-68.42486,318.77197,1983.7239
-68.473854,317.76093,1985.158
-68.71154,319.83228,1986.2644
-69.78561,321.30396,1984.1594
-69.61919,322.31314,1982.8768
-69.56253,324.2133,1981.0015
-69.27593,323.20956,1982.5729
-69.29288,325.26724,1981.2302
-68.5326,329.40405,1987.6605
-70.23657,324.23413,1989.3021
-71.76281,320.51852,1988.8263
-70.66722,323.51724,1985.9666
-69.716225,325.2255,1986.3647
-70.23557,324.98877,1987.6389
-69.537674,326.49765,1987.7455
-69.585724,325.45847,1988.4152
-69.80344,325.2781,1988.6758
-70.277306,325.5059,1988.4381
-74.10619,332.86478,1985.0316
-72.83098,331.0464,1986.6041
-73.603905,333.69183,1985.012
-73.261894,332.53278,1986.0533
-78.35024,330.20303,1987.434
-75.42514,329.8075,1987.9436
-71.87112,339.00037,1981.4211
-72.20804,334.13663,1985.4171
-73.50553,333.49997,1989.2241
-72.8961,335.40674,1992.706
-74.499886,334.45142,1987.7522
-74.86728,333.88196,1989.3767
-75.22405,333.01843,1990.7383
-76.4963,333.6107,1990.9222
-76.140335,334.59692,1992.5459
-76.954834,335.1705,1990.5304
-75.60825,334.32266,1991.3671
-74.137764,335.10236,1993.3406
-75.23274,334.9657,1993.2642
-76.31449,328.71567,1995.5514
-75.23363,328.6095,1994.9572
-74.39262,330.0713,1994.5475
-73.90695,330.88452,1995.0292
-74.23511,331.81155,1995.539
-73.47047,329.42645,1995.6711
-72.28411,330.0148,1995.196
-70.9685,334.4206,1991.8093
-70.98184,333.40494,1991.9031
-70.15507,332.8826,1991.8588
-67.81522,331.14322,1992.9965
-68.11126,330.0529,1994.1768
-74.572266,332.10565,1991.4915
-75.778244,336.0671,1990.638
-71.5303,327.51187,1988.537
-68.74945,334.41595,1979.5946
-69.473755,334.11945,1989.588
-70.34446,334.554,1993.2341
-69.077644,329.48898,1993.2905
-61.845345,325.90192,1999.3511
-65.21356,327.5944,1997.9255
-59.419064,325.8244,1993.1647
-57.79395,325.78955,1992.2183
-61.970234,326.90808,2000.1503
-62.972572,327.40332,1999.6952
-64.34293,328.15063,2000.0248
-66.91055,331.60284,2001.3491
-68.331566,333.90085,2001.535
-68.68479,332.93845,2000.2424
-69.76007,334.9343,1997.8765
-56.03342,344.08347,1974.5835
-62.37442,338.5488,1986.243
-65.651886,335.9945,1988.764
-67.66255,335.47095,1989.4385
-68.57233,335.29294,1990.1825
-68.66718,332.89642,1991.0419
-70.17245,333.9198,1992.1094
-70.32223,333.41125,1989.639
-70.62537,333.27414,1990.6654
-70.34079,332.66833,1990.1641
-72.70085,334.53568,1990.6794
-76.07131,337.9617,1986.9047
-73.23516,334.9685,1988.6436
-70.61947,333.82733,1990.1138
-72.44665,327.54272,1982.8359
-72.007965,329.94186,1987.9065
-71.37867,332.0798,1990.6516
-72.78757,327.9535,1992.8754
-70.80403,329.2086,1994.1901
-73.96942,334.43274,1993.6067
-72.865685,334.5387,1999.8544
-71.03812,332.84732,1999.7222
-71.64976,331.7798,1996.1218
-71.217186,332.2529,1997.4294
-71.28497,332.07117,1996.4402
-72.60079,324.8254,1999.1921
-71.988396,327.6654,1994.4755
-71.8191,327.55856,1995.2933
-66.93783,325.12656,1987.0703
-68.693504,325.34128,1991.2968
-69.82126,330.04218,1994.3469
-69.769394,328.34305,1994.5012
-68.328674,327.81702,1994.7134
-68.73452,330.21213,1995.0386
-68.710236,328.89056,1995.3481
-72.66267,341.93643,1988.7697
-68.56312,338.90363,1997.6421
-70.118935,337.5882,1997.15
-69.05019,336.9966,1996.213
-64.00591,336.71252,1999.2914
-66.123535,338.30582,1997.1586
-69.320465,322.9955,1999.5537
-66.17376,327.68887,1997.3726
-66.19172,331.52838,1995.7515
-66.84218,326.4811,2000.5728
-66.316055,327.43332,1998.2227
-67.725945,330.2962,2001.6193
-4.544632,335.03964,1997.7236
-33.812485,332.6551,1998.2692
-57.441795,332.13348,2001.4648
-55.098873,331.06873,2003.3695
-58.628265,334.76672,2001.115
-62.32458,341.32928,2000.3083
-64.40458,334.5487,2006.5889
-66.934525,334.6658,2009.3578
-65.10929,334.1068,2007.6104
-65.22122,340.193,2009.0487
-66.87571,338.20496,2009.4683
-70.01191,337.5188,2007.5293
-70.18111,337.75082,2007.4126
-69.09981,340.32642,2007.0078
-69.13692,339.89706,2008.9458
-68.43219,340.03207,2008.9872
-75.01129,386.1528,1985.4248
-71.78179,362.85175,1997.8588
-77.023506,331.21906,2014.7964
-73.58608,339.2537,2011.0038
-69.365364,341.5678,2005.7316
-65.36515,350.7121,2010.2024
-64.330536,357.0099,2004.4116
-66.30383,342.76587,2009.5348
-64.289055,345.16776,2007.9756
-63.71442,345.4349,2006.9752
-62.4913,346.3107,1996.897
-71.3941,350.29752,2006.4889
-68.31274,350.82715,2004.6028
-68.49267,352.79614,2004.3324
-73.917725,343.59274,2004.764
-72.047035,343.98306,2011.2797
-73.02474,342.21683,2009.5591
-70.401825,345.38895,2008.0404
-73.61474,343.69287,2006.6974
-74.4834,342.67502,2007.0852
-72.65666,347.7178,2001.1805
-73.54119,347.7005,2003.2513
-73.866425,347.62967,2003.2256
-74.70575,348.82925,2001.52
-74.569824,347.9228,2002.278
-71.23965,365.3338,1966.9503
-70.84423,357.95282,1982.4062
-71.9812,352.08258,1992.1647
-72.781334,351.49966,1995.6648
-74.04034,349.16116,1997.5859
-76.51057,344.57205,2001.5684
-76.63212,341.50674,2003.5907
-75.4971,342.13318,2002.8619
-75.01362,343.07968,2004.4055
-71.46542,340.1849,2006.3163
-72.551704,348.2487,2001.4482
-72.33108,345.8858,2002.1427
-71.79179,346.9108,2000.1226
-72.938034,348.5479,2000.9448
-73.57752,352.43695,2004.5107
-74.20966,347.87296,2006.7144
-71.25506,350.44458,2005.8096
-69.9981,352.92755,2002.7836
-72.78429,351.16415,2005.534
-73.40196,350.77246,2008.7238
-75.0132,351.94296,2018.0192
-75.21289,349.43207,2012.5684
-68.30045,349.69458,2006.9227
-84.27143,364.25372,1989.354
-79.59696,357.2119,1998.8795
-73.35768,345.39786,2020.5825
-75.67097,343.27728,2009.1813
-73.15603,368.2876,1987.0201
-74.32464,357.94214,1996.1945
-75.240814,354.7549,2000.0167
