-50,-50,0
-51.25,-48.75,0
-52.5,-47.5,0
-53.75,-46.25,0
-55,-45,0
-56.25,-43.75,0
-57.5,-42.5,0
-58.75,-41.25,0
-60,-40,0
-61.25,-38.75,0
-62.5,-37.5,0
-63.75,-36.25,0
-65,-35,0
-66.25,-33.75,0
-67.5,-32.5,0
-68.75,-31.25,0
-70,-30,0
-71.25,-28.75,0
-72.5,-27.5,0
-73.75,-26.25,0
-75,-25,0
-76.25,-23.75,0
-77.5,-22.5,0
-78.75,-21.25,0
-80,-20,0
-81.25,-18.75,0
-82.5,-17.5,0
-83.75,-16.25,0
-85,-15,0
-86.25,-13.75,0
-87.5,-12.5,0
-88.75,-11.25,0
-90,-10,0
-91.25,-8.75,0
-92.5,-7.5,0
-93.75,-6.25,0
-95,-5,0
-96.25,-3.75,0
-97.5,-2.5,0
-98.75,-1.25,0
-100,0,0
-101.25,1.25,0
-102.5,2.5,0
-103.75,3.75,0
-105,5,0
-106.25,6.25,0
-107.5,7.5,0
-108.75,8.75,0
-110,10,0
-111.25,11.25,0
-112.5,12.5,0
-113.75,13.75,0
-115,15,0
-116.25,16.25,0
-117.5,17.5,0
-118.75,18.75,0
-120,20,0
-121.25,21.25,0
-122.5,22.5,0
-123.75,23.75,0
-125,25,0
-126.25,26.25,0
-127.5,27.5,0
-128.75,28.75,0
-130,30,0
-131.25,31.25,0
-132.5,32.5,0
-133.75,33.75,0
-135,35,0
-136.25,36.25,0
-137.5,37.5,0
-138.75,38.75,0
-140,40,0
-141.25,41.25,0
-142.5,42.5,0
-143.75,43.75,0
-145,45,0
-146.25,46.25,0
-147.5,47.5,0
-148.75,48.75,0
